1 10 0 10 1 10000 0.00 5000000 0 100000
1 10 0 10 5 10000 0.00 5000000 0 100000
1 10 0 10 10 10000 0.00 5000000 0 100000
1 30 0 10 1 10000 0.00 5000000 0 100000
1 30 0 10 5 10000 0.00 5000000 0 100000
1 30 0 10 10 10000 0.00 5000000 0 100000
1 50 0 10 1 10000 0.00 5000000 0 100000
1 50 0 10 5 10000 0.00 5000000 0 100000
1 50 0 10 10 10000 0.00 5000000 0 100000
1 75 0 10 1 10000 0.00 5000000 0 100000
1 75 0 10 5 10000 0.00 5000000 0 100000
1 75 0 10 10 10000 0.00 5000000 0 100000
1 100 0 10 1 10000 0.00 5000000 0 100000
1 100 0 10 5 10000 0.00 5000000 0 100000
1 100 0 10 10 10000 0.00 5000000 0 100000