1 5 0 10 10 10000 0.00 5000000 0 100000
1 10 0 10 10 10000 0.00 5000000 0 100000
1 15 0 10 10 10000 0.00 5000000 0 100000
1 20 0 10 10 10000 0.00 5000000 0 100000
1 25 0 10 10 10000 0.00 5000000 0 100000
1 30 0 10 10 10000 0.00 5000000 0 100000
1 35 0 10 10 10000 0.00 5000000 0 100000
1 40 0 10 10 10000 0.00 5000000 0 100000
1 45 0 10 10 10000 0.00 5000000 0 100000
1 50 0 10 10 10000 0.00 5000000 0 100000
1 55 0 10 10 10000 0.00 5000000 0 100000
1 60 0 10 10 10000 0.00 5000000 0 100000
1 65 0 10 10 10000 0.00 5000000 0 100000
1 70 0 10 10 10000 0.00 5000000 0 100000
1 75 0 10 10 10000 0.00 5000000 0 100000
1 80 0 10 10 10000 0.00 5000000 0 100000
1 85 0 10 10 10000 0.00 5000000 0 100000
1 90 0 10 10 10000 0.00 5000000 0 100000
1 95 0 10 10 10000 0.00 5000000 0 100000
1 100 0 10 10 10000 0.00 5000000 0 100000